46063
33282
30021
39858
35226
37450
42595
42982
35268
38631
41285
35105
31859
32607
54395
30357
34231
31442
30606
27554
26847
25018
23335
25264
28960
27591
22397
27601
23329
26590
23237
21530
30608
24466
23878
22830
24194
22956
23216
22413
19482
19061
22164
21823
21339
20340
22764
20638
20687
20955
20414
21072
20536
20116
20619
19207
22003
17947
20919
18667
20639
16964
17485
17503
18471
18515
18534
15780
18235
18737
18253
16181
17338
15423
16642
16459
14798
13854
16404
14874
17469
15503
14808
15051
14324
15834
16356
14213
15759
15629
14115
14966
13798
14139
13877
13636
14744
13986
15982
12407
