-32926.0
-22954.0
-19079.0
-26069.0
-23551.0
-24539.0
-29182.0
-30765.0
-23335.0
-25603.0
-28166.0
-24280.0
-20731.0
-21826.0
-38554.0
-18187.0
-22290.0
-20148.0
-19405.0
-16129.0
-16522.0
-15070.0
-12043.0
-15273.0
-18073.0
-17101.0
-12553.0
-16641.0
-13704.0
-16273.0
-13588.0
-12674.0
-19080.0
-14819.0
-14091.0
-10932.0
-14097.0
-13833.0
-12961.0
-11250.0
-9912.0
-9910.0
-12068.0
-12028.0
-11887.0
-10381.0
-12411.0
-11363.0
-11095.0
-11558.0
-10392.0
-11695.0
-10742.0
-9944.0
-9609.0
-9859.0
-11162.0
-8745.0
-11407.0
-8909.0
-9114.0
-7569.0
-8935.0
-9064.0
-9361.0
-8861.0
-9359.0
-7568.0
-9233.0
-9020.0
-8609.0
-7495.0
-8266.0
-6877.0
-7753.0
-7578.0
-6222.0
-5727.0
-7537.0
-5890.0
-7185.0
-7109.0
-6571.0
-6742.0
-6367.0
-6387.0
-6283.0
-5597.0
-6848.0
-6595.0
-5198.0
-6094.0
-5157.0
-5067.0
-5393.0
-5001.0
-5753.0
-5323.0
-5286.0
-4766.0
