8.530185185185186
6.163333333333333
5.559444444444445
7.381111111111111
6.523333333333333
6.935185185185185
7.887962962962963
7.95962962962963
6.5311111111111115
7.153888888888889
7.645370370370371
6.500925925925926
5.899814814814815
6.038333333333333
10.073148148148148
5.621666666666667
6.339074074074074
5.822592592592593
5.667777777777777
5.102592592592592
4.971666666666667
4.632962962962963
4.321296296296296
4.678518518518518
5.362962962962963
5.109444444444445
4.147592592592592
5.111296296296296
4.320185185185185
4.924074074074074
4.303148148148148
3.987037037037037
5.668148148148148
4.5307407407407405
4.4218518518518515
4.227777777777778
4.480370370370371
4.251111111111111
4.29925925925926
4.150555555555556
3.6077777777777778
3.5298148148148147
4.104444444444445
4.041296296296296
3.9516666666666667
3.7666666666666666
4.2155555555555555
3.821851851851852
3.830925925925926
3.8805555555555555
3.7803703703703704
3.902222222222222
3.802962962962963
3.725185185185185
3.8183333333333334
3.5568518518518517
4.07462962962963
3.3235185185185183
3.8738888888888887
3.456851851851852
3.822037037037037
3.1414814814814815
3.237962962962963
3.241296296296296
3.4205555555555556
3.428703703703704
3.4322222222222223
2.922222222222222
3.376851851851852
3.4698148148148147
3.3801851851851854
2.9964814814814815
3.2107407407407407
2.8561111111111113
3.081851851851852
3.0479629629629628
2.7403703703703703
2.5655555555555556
3.037777777777778
2.7544444444444443
3.235
2.870925925925926
2.7422222222222223
2.7872222222222223
2.6525925925925926
2.9322222222222223
3.028888888888889
2.632037037037037
2.9183333333333334
2.8942592592592593
2.613888888888889
2.7714814814814814
2.5551851851851852
2.618333333333333
2.5698148148148148
2.525185185185185
2.7303703703703706
2.59
2.95962962962963
2.2975925925925926
